generation_id,requested_model,returned_model,provider_name,finish_reason,prompt_tokens,completion_tokens,reasoning_tokens,total_tokens,total_cost,run_id
gen-1787313491-ydZtKPCfCbAhQorbWMjH,openai/gpt-5.4-mini,openai/gpt-5.4-mini,OpenAI,stop,9220,172,0,9392,0.001641,20260821T125948Z_8dbb5082
