generation_id,requested_model,returned_model,provider_name,finish_reason,prompt_tokens,completion_tokens,reasoning_tokens,total_tokens,total_cost,router,upstream_id,native_finish_reason,latency,generation_time,run_id
gen-1787560708-H9BvrgCzRZAgzXeVPiiB,anthropic/claude-sonnet-5,anthropic/claude-sonnet-5,Claude Platform on AWS,stop,12316,16859,7664,29175,0.193222,,msg_011CeMGgUF9mxfHP1HAhNEcx,end_turn,7420,123408,20260824T093740Z_5937923c
